19:38:19 0.029 0.056 0.029 0.026 0.029  247.4  2.6  76.3  48.6  61.0  58.5  0.3
19:39:19 0.033 0.026 0.041 0.025 0.026 1156.8  3.1 489.2 264.7 182.3 216.7  0.7
19:40:19 0.033 0.055 0.040 0.026 0.028 1092.2  3.5 446.6 255.6 174.4 211.1  1.1
19:41:19 0.033 0.025 0.041 0.026 0.027 1079.1  2.7 422.1 270.4 188.6 190.9  4.3
19:42:19 0.033 0.028 0.040 0.025 0.027 1091.7  3.0 436.4 271.2 182.3 196.8  1.9
19:43:19 0.034 0.029 0.040 0.027 0.028 1068.4  2.3 440.3 244.6 187.1 193.2  0.8
19:44:19 0.033 0.026 0.039 0.026 0.028 1060.2  2.9 444.9 240.2 175.9 194.7  1.5
19:45:19 0.033 0.072 0.040 0.027 0.027 1071.8  2.8 442.1 255.0 182.2 188.7  0.9
19:46:19 0.033 0.025 0.039 0.026 0.028 1087.6  3.0 439.4 262.4 188.3 193.3  1.2
19:47:19 0.033 0.027 0.041 0.026 0.027 1110.9  3.2 438.9 266.8 196.9 204.5  0.6
19:48:19 0.033 0.031 0.040 0.026 0.028 1127.6  3.1 450.1 270.4 192.7 210.9  0.4
19:49:19 0.033 0.027 0.040 0.027 0.027 1043.7  3.0 410.9 268.7 172.4 187.5  1.2
19:50:19 0.034 0.030 0.042 0.027 0.027 1077.7  3.2 439.1 254.3 185.4 195.1  0.5
19:51:19 0.033 0.067 0.040 0.026 0.028 1141.8  3.3 455.3 290.6 191.8 199.4  1.5
19:52:19 0.033 0.022 0.039 0.027 0.027 1105.9  3.0 449.7 277.6 197.2 177.4  1.0
