19:10:19 0.034 0.019 0.040 0.025 0.029  60282  136 26524 13925 10346  9287   64
19:11:19 0.033 0.027 0.040 0.026 0.027  60548  161 24474 15267 10603  9807  236
19:12:19 0.033 0.067 0.040 0.025 0.028  61720  169 24973 16535 10818  9205   20
19:13:19 0.033 0.027 0.039 0.025 0.027  63602  178 26020 15850 11172 10353   29
19:14:19 0.032 0.031 0.038 0.025 0.027  62934  186 24843 15738 11477 10617   73
19:15:19 0.033 0.025 0.040 0.025 0.026  60730  165 24810 14289 11585  9781  100
19:16:19 0.033 0.031 0.040 0.026 0.029  62016  191 24904 15665 10833  9654  769
19:17:19 0.032 0.040 0.039 0.025 0.027  59434  156 23516 15818 10456  9480    8
19:18:19 0.031 0.028 0.038 0.023 0.027  60051  156 24087 15424 11090  9271   23
19:19:19 0.033 0.025 0.039 0.025 0.027  60687  167 24981 15243 10853  9319  124
19:20:19 0.032 0.084 0.038 0.023 0.028  58505  146 25106 13270 10885  9049   49
19:21:19 0.032 0.062 0.038 0.025 0.028  61418  153 25403 15596 11081  9137   48
19:22:19 0.033 0.026 0.040 0.025 0.028  60382  176 25531 14103 10846  9672   54
19:23:19 0.033 0.030 0.039 0.026 0.027  58655  166 23948 14863 10456  9181   41
19:24:19 0.032 0.026 0.039 0.025 0.027  63240  149 25537 16485 10481 10552   36
19:25:19 0.033 0.062 0.041 0.024 0.027  62588  164 27219 15238  9785 10099   83
19:26:19 0.033 0.071 0.039 0.025 0.028  63518  150 27096 16024  9976 10200   72
19:27:19 0.032 0.026 0.039 0.025 0.026  60970  144 25246 15372 10444  9688   76
19:28:19 0.033 0.078 0.040 0.026 0.026  62607  197 26623 15018 10807  9922   40
19:29:19 0.033 0.025 0.040 0.026 0.026  63326  182 26254 16072 11299  9503   16
19:30:19 0.033 0.027 0.040 0.026 0.028  64491  166 27365 16158 10593 10128   81
19:31:19 0.033 0.025 0.041 0.026 0.028  65417  165 25802 18252 10699 10341  158
19:32:19 0.032 0.029 0.039 0.025 0.027  63961  172 26319 16696 10420 10298   56
19:33:19 0.032 0.027 0.039 0.024 0.027  63072  173 25388 16790 10886  9734  101
19:34:19 0.032 0.038 0.038 0.025 0.027  61868  155 24893 16137 11390  9199   94
19:35:19 0.032 0.033 0.039 0.025 0.027  62493  170 25619 15063 11238 10363   40
19:36:19 0.032 0.025 0.038 0.025 0.028  63540  201 25249 17624 11090  9277   99
19:37:19 0.032 0.062 0.039 0.026 0.027  63198  178 24935 17105 11359  9595   26
19:38:19 0.033 0.026 0.040 0.025 0.028  62173  172 25703 15593 10053 10608   44
19:39:19 0.032 0.042 0.040 0.024 0.027  66148  179 26693 17542 10858 10815   61
19:40:19 0.032 0.038 0.038 0.026 0.026  67416  160 27556 18437 10717 10526   20
19:41:19 0.032 0.031 0.040 0.025 0.027  67242  163 27527 17550 10978 10895  129
19:42:19 0.032 0.023 0.039 0.025 0.027  65609  150 26826 17279 11030 10287   37
19:43:19 0.033 0.029 0.040 0.025 0.027  63701  160 25853 16691 10830 10119   48
19:44:19 0.034 0.035 0.041 0.025 0.028  63315  144 26596 14694 10965 10890   26
19:45:19 0.033 0.025 0.040 0.024 0.027  63827  201 27184 15695 10368 10344   35
19:46:19 0.032 0.026 0.038 0.026 0.027  66235  152 27255 17635 10988 10052  153
19:47:19 0.033 0.028 0.040 0.025 0.026  65851  179 27764 16083 11375 10398   52
19:48:19 0.032 0.040 0.039 0.024 0.027  63576  174 26518 15254 11076 10484   70
19:49:19 0.033 0.031 0.040 0.025 0.026  67063  188 27972 16298 11811 10751   43
19:50:19 0.033 0.025 0.040 0.025 0.027  68633  156 28432 17341 12060 10628   16
19:51:19 0.032 0.028 0.039 0.025 0.027  67240  166 26414 16786 12760 11054   60
19:52:19 0.034 0.024 0.041 0.026 0.028  65356  152 26731 15457 12116 10870   30
19:53:19 0.033 0.025 0.039 0.025 0.027  64350  192 26483 15537 11240 10890    8
19:54:19 0.033 0.035 0.040 0.024 0.027  63700  173 27322 14159 11556 10478   12
19:55:19 0.032 0.032 0.038 0.025 0.027  65385  135 26306 15804 12418 10690   32
19:56:19 0.032 0.051 0.039 0.024 0.027  67041  152 26439 17719 11697 10883  151
19:57:19 0.033 0.071 0.039 0.024 0.027  62194  139 27810 13540 10858  9810   37
19:58:19 0.032 0.027 0.039 0.025 0.027  67899  162 28465 16694 11159 11388   31
19:59:19 0.032 0.022 0.038 0.026 0.026  63223  179 25849 15288 11964  9899   44
20:00:19 0.034 0.021 0.042 0.025 0.027  61738  133 25320 14800 11412  9989   84
20:01:19 0.033 0.092 0.040 0.025 0.028  64565  181 26846 16316 10951  9970  301
20:02:19 0.033 0.022 0.040 0.026 0.026  65201  171 26707 16452 11285 10289  297
20:03:19 0.034 0.028 0.041 0.026 0.028  65974  175 27729 15326 12009 10332  403
20:04:19 0.033 0.050 0.040 0.026 0.028  63630  173 26667 15675 10832 10216   67
20:05:19 0.032 0.023 0.039 0.025 0.027  65703  159 27559 16086 11410 10463   26
20:06:19 0.033 0.024 0.038 0.027 0.028  63239  146 26033 15616 11446  9891  107
20:07:19 0.032 0.024 0.038 0.027 0.027  65065  176 26949 16582 10796 10488   74
20:08:19 0.032 0.022 0.039 0.025 0.027  65363  157 26831 16864 11052 10394   65
20:09:19 0.032 0.063 0.039 0.024 0.027  64017  144 26528 15470 11832  9980   63
20:10:19 0.032 0.023 0.039 0.024 0.027  65737  150 27166 16045 12236 10055   85
